-4.155995 0.000079
-3.980631 0.000297
-3.805266 0.000467
-3.629902 0.000692
-3.454538 0.000874
-3.279173 0.001687
-3.103809 0.004059
-2.928445 0.006589
-2.753080 0.010643
-2.577716 0.016395
-2.402352 0.024064
-2.226987 0.035508
-2.051623 0.050428
-1.876259 0.067945
-1.700894 0.092525
-1.525530 0.124095
-1.350166 0.158426
-1.174801 0.199188
-0.999437 0.239908
-0.824073 0.278571
-0.648708 0.315389
-0.473344 0.349222
-0.297980 0.372322
-0.122615 0.388826
0.052749 0.388801
0.228113 0.383941
0.403477 0.366770
0.578842 0.340297
0.754206 0.303921
0.929570 0.260513
1.104935 0.218428
1.280299 0.180421
1.455663 0.144039
1.631028 0.110146
1.806392 0.082392
1.981756 0.062005
2.157121 0.044573
2.332485 0.031351
2.507849 0.020272
2.683214 0.011771
2.858578 0.006953
3.033942 0.003489
3.209307 0.002051
3.384671 0.001068
3.560035 0.000528
3.735400 0.000200
3.910764 0.000146
4.086128 0.000097
4.261493 0.000024
4.436857 0.000018
