-1.271857 0.026000
-1.219796 0.013600
-1.167734 0.012900
-1.115673 0.011000
-1.063612 0.017500
-1.011550 0.019600
-0.959489 0.047300
-0.907428 0.024200
-0.855366 0.039400
-0.803305 0.017100
-0.751244 0.018800
-0.699182 0.042100
-0.647121 0.036300
-0.595060 0.034500
-0.542999 0.019600
-0.490937 0.017000
-0.438876 0.015400
-0.386815 0.015000
-0.334753 0.015400
-0.282692 0.015100
-0.230631 0.015400
-0.178569 0.014700
-0.126508 0.013300
-0.074447 0.012800
-0.022385 0.013700
0.029676 0.013900
0.081737 0.016800
0.133799 0.067800
0.185860 0.033100
0.237921 0.046000
0.289983 0.050600
0.342044 0.013200
0.394105 0.006600
0.446167 0.006900
0.498228 0.007400
0.550289 0.006700
0.602351 0.008700
0.654412 0.010400
0.706473 0.011400
0.758534 0.020500
0.810596 0.004200
0.862657 0.003900
0.914718 0.005100
0.966780 0.030900
1.018841 0.020300
1.070902 0.010300
1.122964 0.009600
1.175025 0.011000
1.227086 0.013800
1.279148 0.043200
