-4.581218 0.000029
-4.397797 0.000087
-4.214376 0.000081
-4.030955 0.000226
-3.847535 0.000209
-3.664114 0.000470
-3.480693 0.001149
-3.297272 0.002436
-3.113852 0.003985
-2.930431 0.007124
-2.747010 0.011712
-2.563589 0.018140
-2.380169 0.029226
-2.196748 0.042888
-2.013327 0.059595
-1.829907 0.081500
-1.646486 0.111236
-1.463065 0.141936
-1.279644 0.179104
-1.096224 0.221434
-0.912803 0.259600
-0.729382 0.298972
-0.545961 0.335067
-0.362541 0.362135
-0.179120 0.373766
0.004301 0.379706
0.187722 0.375251
0.371142 0.358793
0.554563 0.333199
0.737984 0.298984
0.921405 0.261851
1.104825 0.216997
1.288246 0.180890
1.471667 0.140248
1.655088 0.109003
1.838508 0.081314
2.021929 0.058063
2.205350 0.041136
2.388770 0.027341
2.572191 0.018772
2.755612 0.012200
2.939033 0.006776
3.122453 0.004217
3.305874 0.002274
3.489295 0.001369
3.672716 0.000812
3.856136 0.000336
4.039557 0.000128
4.222978 0.000116
4.406399 0.000064
