-1.004724 0.111200
-0.964567 0.048400
-0.924409 0.037000
-0.884252 0.031800
-0.844094 0.021400
-0.803937 0.019100
-0.763779 0.018000
-0.723622 0.016800
-0.683465 0.016100
-0.643307 0.015300
-0.603150 0.014700
-0.562992 0.014400
-0.522835 0.013900
-0.482678 0.013600
-0.442520 0.013200
-0.402363 0.012900
-0.362205 0.012900
-0.322048 0.012600
-0.281890 0.012400
-0.241733 0.012300
-0.201576 0.012300
-0.161418 0.012100
-0.121261 0.012200
-0.081103 0.012000
-0.040946 0.012000
-0.000789 0.012000
0.039369 0.012000
0.079526 0.012200
0.119684 0.012000
0.159841 0.012300
0.199999 0.012300
0.240156 0.012500
0.280313 0.012500
0.320471 0.012800
0.360628 0.013000
0.400786 0.013200
0.440943 0.013500
0.481101 0.014100
0.521258 0.014100
0.561415 0.014800
0.601573 0.015300
0.641730 0.016200
0.681888 0.016800
0.722045 0.017800
0.762202 0.019300
0.802360 0.021000
0.842517 0.023800
0.882675 0.027800
0.922832 0.036000
0.962990 0.084100
