-3.083397 0.001700
-2.966122 0.001000
-2.848848 0.003100
-2.731574 0.007000
-2.614299 0.006600
-2.497025 0.002300
-2.379750 0.003900
-2.262475 0.001500
-2.145201 0.004000
-2.027927 0.004400
-1.910652 0.007600
-1.793378 0.009500
-1.676103 0.012900
-1.558829 0.016800
-1.441554 0.021700
-1.324280 0.021400
-1.207005 0.023900
-1.089731 0.026200
-0.972456 0.031400
-0.855182 0.034200
-0.737907 0.034800
-0.620633 0.040500
-0.503358 0.038000
-0.386084 0.035100
-0.268809 0.037800
-0.151534 0.039100
-0.034260 0.042100
0.083014 0.043400
0.200289 0.052000
0.317563 0.050600
0.434838 0.043700
0.552112 0.047600
0.669387 0.045800
0.786662 0.033300
0.903936 0.028700
1.021211 0.032000
1.138485 0.027800
1.255760 0.017400
1.373034 0.013700
1.490308 0.009400
1.607583 0.009200
1.724858 0.009700
1.842132 0.008200
1.959406 0.005700
2.076681 0.003500
2.193955 0.003400
2.311230 0.003200
2.428505 0.001800
2.545779 0.001000
2.663053 0.000400
