-3.422573 0.000900
-3.289508 0.001000
-3.156443 0.000600
-3.023378 0.001900
-2.890314 0.002300
-2.757249 0.002100
-2.624184 0.003400
-2.491119 0.005700
-2.358054 0.005000
-2.224989 0.005800
-2.091924 0.005700
-1.958860 0.012300
-1.825795 0.013200
-1.692730 0.016200
-1.559665 0.019500
-1.426600 0.025300
-1.293535 0.029900
-1.160470 0.030500
-1.027406 0.039900
-0.894341 0.041400
-0.761276 0.041300
-0.628211 0.040500
-0.495146 0.040200
-0.362081 0.042400
-0.229016 0.049600
-0.095951 0.051200
0.037113 0.054100
0.170178 0.057800
0.303243 0.049400
0.436308 0.043600
0.569373 0.044100
0.702438 0.040900
0.835503 0.034100
0.968567 0.031000
1.101632 0.028100
1.234697 0.023200
1.367762 0.015400
1.500827 0.011200
1.633892 0.009100
1.766957 0.007900
1.900021 0.005700
2.033086 0.004500
2.166151 0.004800
2.299216 0.002700
2.432281 0.001200
2.565346 0.001400
2.698411 0.000700
2.831475 0.000800
2.964540 0.000200
3.097605 0.000300
