-1.759680 0.002000
-1.696376 0.001300
-1.633072 0.001600
-1.569767 0.003700
-1.506463 0.014600
-1.443159 0.040000
-1.379855 0.045400
-1.316551 0.028200
-1.253246 0.033500
-1.189942 0.023400
-1.126638 0.014900
-1.063334 0.008600
-1.000030 0.012800
-0.936725 0.021500
-0.873421 0.035400
-0.810117 0.019200
-0.746813 0.016300
-0.683509 0.014500
-0.620204 0.025000
-0.556900 0.055900
-0.493596 0.022200
-0.430292 0.013900
-0.366988 0.008400
-0.303683 0.014700
-0.240379 0.021600
-0.177075 0.024500
-0.113771 0.031900
-0.050467 0.026600
0.012838 0.020400
0.076142 0.015500
0.139446 0.008400
0.202750 0.007300
0.266054 0.012600
0.329359 0.008600
0.392663 0.007600
0.455967 0.015900
0.519271 0.015700
0.582575 0.005200
0.645880 0.010400
0.709184 0.007100
0.772488 0.015800
0.835792 0.016200
0.899096 0.035000
0.962401 0.043600
1.025705 0.036400
1.089009 0.045400
1.152313 0.042700
1.215617 0.023900
1.278922 0.014600
1.342226 0.010100
