-1.003935 0.111300
-0.963809 0.048300
-0.923683 0.037200
-0.883557 0.031500
-0.843431 0.028100
-0.803306 0.025700
-0.763180 0.024000
-0.723054 0.022400
-0.682928 0.021400
-0.642802 0.020400
-0.602676 0.019600
-0.562550 0.019100
-0.522424 0.018500
-0.482299 0.018100
-0.442173 0.017700
-0.402047 0.017200
-0.361921 0.017100
-0.321795 0.016800
-0.281669 0.016500
-0.241543 0.016500
-0.201417 0.016300
-0.161292 0.016100
-0.121166 0.016100
-0.081040 0.016200
-0.040914 0.015900
-0.000788 0.012000
0.039338 0.012100
0.079464 0.012100
0.119590 0.012000
0.159716 0.012200
0.199841 0.012300
0.239967 0.012400
0.280093 0.012600
0.320219 0.012800
0.360345 0.012900
0.400471 0.013200
0.440597 0.013600
0.480723 0.013800
0.520848 0.012600
0.560974 0.009900
0.601100 0.010200
0.641226 0.010600
0.681352 0.011200
0.721478 0.012000
0.761604 0.012800
0.801730 0.014000
0.841855 0.015700
0.881981 0.018400
0.922107 0.023800
0.962233 0.056800
