-2.787238 0.000400
-2.694580 0.001500
-2.601922 0.000800
-2.509264 0.000600
-2.416606 0.000600
-2.323948 0.001300
-2.231290 0.002700
-2.138632 0.004600
-2.045974 0.008700
-1.953315 0.015800
-1.860657 0.021000
-1.767999 0.017500
-1.675341 0.017900
-1.582683 0.013800
-1.490025 0.011700
-1.397367 0.010400
-1.304709 0.008700
-1.212051 0.017300
-1.119393 0.014200
-1.026735 0.018900
-0.934077 0.019300
-0.841419 0.025100
-0.748761 0.029500
-0.656103 0.025700
-0.563445 0.028600
-0.470786 0.031100
-0.378128 0.033600
-0.285470 0.036700
-0.192812 0.038600
-0.100154 0.035100
-0.007496 0.041100
0.085162 0.044300
0.177820 0.036700
0.270478 0.035200
0.363136 0.029400
0.455794 0.022700
0.548452 0.025500
0.641110 0.028000
0.733768 0.022000
0.826426 0.018500
0.919084 0.011300
1.011742 0.016700
1.104401 0.024900
1.197059 0.033200
1.289717 0.027900
1.382375 0.032700
1.475033 0.024300
1.567691 0.019100
1.660349 0.010500
1.753007 0.004300
