-4.248667 0.000100
-4.078840 0.000100
-3.909012 0.000400
-3.739185 0.000200
-3.569357 0.000900
-3.399530 0.000900
-3.229703 0.001800
-3.059875 0.002400
-2.890048 0.002400
-2.720220 0.003600
-2.550393 0.005800
-2.380566 0.008300
-2.210738 0.011200
-2.040911 0.017100
-1.871083 0.019100
-1.701256 0.021600
-1.531429 0.026300
-1.361601 0.028500
-1.191774 0.037000
-1.021946 0.042000
-0.852119 0.048200
-0.682292 0.048400
-0.512464 0.054100
-0.342637 0.056100
-0.172809 0.062000
-0.002982 0.058000
0.166845 0.058400
0.336673 0.057000
0.506500 0.051500
0.676328 0.047700
0.846155 0.044200
1.015982 0.039500
1.185810 0.029300
1.355637 0.024700
1.525465 0.020700
1.695292 0.018600
1.865119 0.015100
2.034947 0.009900
2.204774 0.008500
2.374602 0.005900
2.544429 0.004100
2.714256 0.002900
2.884084 0.002100
3.053911 0.001100
3.223739 0.000900
3.393566 0.000300
3.563393 0.000400
3.733221 0.000200
3.903048 0.000300
4.072876 0.000200
