0.010000 1000	PARAMETROS/OSCILADOR/V_0.txt
0.000000 0.995210 -0.483914
0.010000 0.991266 -0.396981
0.020000 0.985821 -0.547419
0.030000 0.981943 -0.389978
0.040000 0.977995 -0.397736
0.050000 0.975652 -0.237164
0.060000 0.972084 -0.360423
0.070000 0.970611 -0.150304
0.080000 0.967040 -0.361198
0.090000 0.964787 -0.228355
0.100000 0.962265 -0.255842
0.110000 0.962573 0.027301
0.120000 0.959685 -0.293726
0.130000 0.955288 -0.442957
0.140000 0.949724 -0.558910
0.150000 0.942730 -0.701299
0.160000 0.934642 -0.809971
0.170000 0.923910 -1.073777
0.180000 0.913499 -1.040328
0.190000 0.902586 -1.090613
0.200000 0.891583 -1.099273
0.210000 0.880978 -1.059402
0.220000 0.871372 -0.959682
0.230000 0.861941 -0.942652
0.240000 0.852711 -0.922558
0.250000 0.844040 -0.866720
0.260000 0.835487 -0.855124
0.270000 0.825848 -0.963764
0.280000 0.815547 -1.029344
0.290000 0.806085 -0.945030
0.300000 0.798287 -0.779154
0.310000 0.791660 -0.662733
0.320000 0.788804 -0.286193
0.330000 0.785594 -0.323543
0.340000 0.781811 -0.380530
0.350000 0.777862 -0.396844
0.360000 0.774344 -0.353744
0.370000 0.769724 -0.464073
0.380000 0.766737 -0.300138
0.390000 0.764553 -0.220724
0.400000 0.761249 -0.333110
0.410000 0.757041 -0.422898
0.420000 0.751839 -0.521900
0.430000 0.747034 -0.481567
0.440000 0.742805 -0.424181
0.450000 0.740161 -0.266044
0.460000 0.736876 -0.330833
0.470000 0.732087 -0.480832
0.480000 0.728811 -0.328869
0.490000 0.724314 -0.451685
0.500000 0.722399 -0.192785
0.510000 0.722747 0.032165
0.520000 0.722637 -0.014778
0.530000 0.724114 0.144198
0.540000 0.725364 0.120594
0.550000 0.728482 0.307568
0.560000 0.730738 0.220505
0.570000 0.734016 0.323050
0.580000 0.736311 0.224178
0.590000 0.735791 -0.056760
0.600000 0.734268 -0.155669
0.610000 0.730642 -0.365450
0.620000 0.727014 -0.364559
0.630000 0.722228 -0.480378
0.640000 0.715470 -0.677025
0.650000 0.709523 -0.594824
0.660000 0.702729 -0.679984
0.670000 0.697382 -0.534741
0.680000 0.692426 -0.496375
0.690000 0.686579 -0.585627
0.700000 0.679499 -0.708551
0.710000 0.672084 -0.741306
0.720000 0.664432 -0.764745
0.730000 0.656713 -0.771429
0.740000 0.648006 -0.870023
0.750000 0.639497 -0.849763
0.760000 0.630344 -0.914253
0.770000 0.622491 -0.783800
0.780000 0.618432 -0.405079
0.790000 0.615783 -0.266004
0.800000 0.613650 -0.214989
0.810000 0.610905 -0.276453
0.820000 0.608539 -0.238300
0.830000 0.606727 -0.183034
0.840000 0.604747 -0.200050
0.850000 0.604723 -0.004439
0.860000 0.603500 -0.125299
0.870000 0.601927 -0.159675
0.880000 0.600087 -0.186150
0.890000 0.598180 -0.192767
0.900000 0.597669 -0.053136
0.910000 0.601789 0.409320
0.920000 0.606387 0.454739
0.930000 0.612739 0.629849
0.940000 0.620501 0.769957
0.950000 0.625316 0.474612
0.960000 0.629593 0.422162
0.970000 0.635152 0.550632
0.980000 0.641138 0.592680
0.990000 0.646703 0.550343
1.000000 0.652346 0.558370
1.010000 0.656427 0.402000
1.020000 0.661119 0.463958
1.030000 0.667306 0.613004
1.040000 0.674439 0.706950
1.050000 0.680121 0.561319
1.060000 0.688285 0.810103
1.070000 0.698071 0.971128
1.080000 0.705554 0.739989
1.090000 0.710056 0.442962
1.100000 0.714934 0.482045
1.110000 0.719530 0.453591
1.120000 0.724296 0.470807
1.130000 0.729503 0.514692
1.140000 0.733511 0.394595
1.150000 0.735666 0.209879
1.160000 0.736772 0.105869
1.170000 0.738163 0.134920
1.180000 0.739221 0.101399
1.190000 0.739130 -0.013252
1.200000 0.738764 -0.040155
1.210000 0.739591 0.079196
1.220000 0.741229 0.159665
1.230000 0.742332 0.105805
1.240000 0.742481 0.010709
1.250000 0.744012 0.149367
1.260000 0.744630 0.057364
1.270000 0.744667 -0.000351
1.280000 0.745176 0.047216
1.290000 0.746605 0.138939
1.300000 0.747495 0.084611
1.310000 0.749381 0.184419
1.320000 0.752429 0.300200
1.330000 0.753439 0.095724
1.340000 0.755350 0.186912
1.350000 0.759189 0.379180
1.360000 0.762896 0.364971
1.370000 0.765227 0.227463
1.380000 0.770260 0.498357
1.390000 0.775745 0.542199
1.400000 0.779633 0.382167
1.410000 0.782829 0.313864
1.420000 0.784173 0.128943
1.430000 0.784209 -0.000986
1.440000 0.783731 -0.051628
1.450000 0.784018 0.025053
1.460000 0.784114 0.005548
1.470000 0.786180 0.202634
1.480000 0.790774 0.454492
1.490000 0.794290 0.345322
1.500000 0.799033 0.468664
1.510000 0.805946 0.684982
1.520000 0.812154 0.613330
1.530000 0.815229 0.300394
1.540000 0.817571 0.228606
1.550000 0.819260 0.163649
1.560000 0.821807 0.249839
1.570000 0.823038 0.117723
1.580000 0.824616 0.153117
1.590000 0.824890 0.022574
1.600000 0.823882 -0.105045
1.610000 0.821682 -0.223518
1.620000 0.818237 -0.347471
1.630000 0.812580 -0.567972
1.640000 0.806126 -0.646586
1.650000 0.798579 -0.755517
1.660000 0.791453 -0.712806
1.670000 0.783366 -0.809035
1.680000 0.774988 -0.837578
1.690000 0.764771 -1.021314
1.700000 0.754451 -1.030715
1.710000 0.743820 -1.061681
1.720000 0.731408 -1.239549
1.730000 0.716870 -1.451165
1.740000 0.704018 -1.281508
1.750000 0.690608 -1.338049
1.760000 0.677951 -1.262473
1.770000 0.668219 -0.970164
1.780000 0.657666 -1.053805
1.790000 0.649397 -0.824846
1.800000 0.639270 -1.011780
1.810000 0.628299 -1.095202
1.820000 0.616314 -1.196138
1.830000 0.604708 -1.157657
1.840000 0.591938 -1.274206
1.850000 0.579996 -1.190713
1.860000 0.566228 -1.373738
1.870000 0.552486 -1.370039
1.880000 0.540550 -1.189504
1.890000 0.525740 -1.477743
1.900000 0.510531 -1.516076
1.910000 0.495656 -1.482385
1.920000 0.482532 -1.307406
1.930000 0.470108 -1.238245
1.940000 0.458293 -1.177639
1.950000 0.446715 -1.154114
1.960000 0.434398 -1.228139
1.970000 0.423403 -1.095470
1.980000 0.414065 -0.930486
1.990000 0.404793 -0.924607
2.000000 0.397122 -0.764452
2.010000 0.392462 -0.464128
2.020000 0.386392 -0.606596
2.030000 0.380168 -0.621239
2.040000 0.374041 -0.611518
2.050000 0.369887 -0.414241
2.060000 0.366210 -0.367383
2.070000 0.365781 -0.042902
2.080000 0.367122 0.132451
2.090000 0.366681 -0.046601
2.100000 0.366443 -0.025404
2.110000 0.367033 0.057357
2.120000 0.366622 -0.043218
2.130000 0.368485 0.184720
2.140000 0.371837 0.332407
2.150000 0.375233 0.336062
2.160000 0.378511 0.324279
2.170000 0.382874 0.432723
2.180000 0.388560 0.564528
2.190000 0.398279 0.967109
2.200000 0.408201 0.985408
2.210000 0.418910 1.063861
2.220000 0.427665 0.868064
2.230000 0.432237 0.450803
2.240000 0.435015 0.273322
2.250000 0.438436 0.338553
2.260000 0.441305 0.283001
2.270000 0.444491 0.315057
2.280000 0.446980 0.245080
2.290000 0.448366 0.135140
2.300000 0.449883 0.148755
2.310000 0.453856 0.394305
2.320000 0.457401 0.350279
2.330000 0.457907 0.046617
2.340000 0.458778 0.084532
2.350000 0.460980 0.217514
2.360000 0.462924 0.191062
2.370000 0.466753 0.379574
2.380000 0.469826 0.303129
2.390000 0.474187 0.432172
2.400000 0.476109 0.187745
2.410000 0.478455 0.231209
2.420000 0.480137 0.164665
2.430000 0.482384 0.221527
2.440000 0.487171 0.475205
2.450000 0.492564 0.534397
2.460000 0.495465 0.284971
2.470000 0.498293 0.278994
2.480000 0.498623 0.029050
2.490000 0.501035 0.238586
2.500000 0.503337 0.226534
2.510000 0.505604 0.223001
2.520000 0.505815 0.017511
2.530000 0.506608 0.076716
2.540000 0.507817 0.117959
2.550000 0.508237 0.038923
2.560000 0.508009 -0.025557
2.570000 0.507437 -0.059624
2.580000 0.505025 -0.243382
2.590000 0.501261 -0.377719
2.600000 0.497011 -0.425583
2.610000 0.491318 -0.569637
2.620000 0.483770 -0.754287
2.630000 0.478226 -0.553107
2.640000 0.473012 -0.520916
2.650000 0.465315 -0.769485
2.660000 0.458938 -0.636142
2.670000 0.453998 -0.493096
2.680000 0.447804 -0.619217
2.690000 0.441161 -0.663374
2.700000 0.433818 -0.733183
2.710000 0.427482 -0.632024
2.720000 0.421621 -0.585090
2.730000 0.416101 -0.551185
2.740000 0.412516 -0.357761
2.750000 0.410984 -0.153451
2.760000 0.408052 -0.294455
2.770000 0.404752 -0.330607
2.780000 0.400678 -0.407726
2.790000 0.394670 -0.600719
2.800000 0.388509 -0.615027
2.810000 0.383260 -0.523790
2.820000 0.376493 -0.675965
2.830000 0.369520 -0.695723
2.840000 0.360830 -0.867328
2.850000 0.351975 -0.883024
2.860000 0.343078 -0.886931
2.870000 0.334937 -0.811417
2.880000 0.326489 -0.842328
2.890000 0.319139 -0.732439
2.900000 0.309857 -0.926078
2.910000 0.303100 -0.672572
2.920000 0.293896 -0.918524
2.930000 0.283543 -1.032202
2.940000 0.274285 -0.922053
2.950000 0.267910 -0.634173
2.960000 0.259277 -0.861487
2.970000 0.249989 -0.925778
2.980000 0.238572 -1.138245
2.990000 0.225765 -1.276107
3.000000 0.213414 -1.229839
3.010000 0.200268 -1.309533
3.020000 0.185982 -1.422990
3.030000 0.168905 -1.701474
3.040000 0.155371 -1.345680
3.050000 0.143686 -1.162499
3.060000 0.131011 -1.262348
3.070000 0.118009 -1.294515
3.080000 0.103609 -1.434089
3.090000 0.090598 -1.294466
3.100000 0.080173 -1.036458
3.110000 0.070318 -0.980668
3.120000 0.059475 -1.079679
3.130000 0.050420 -0.900394
3.140000 0.039657 -1.072016
3.150000 0.029064 -1.054159
3.160000 0.017457 -1.155507
3.170000 0.006728 -1.067134
3.180000 -0.002522 -0.919729
3.190000 -0.014817 -1.224857
3.200000 -0.027581 -1.270190
3.210000 -0.040680 -1.303377
3.220000 -0.056527 -1.577881
3.230000 -0.070309 -1.370068
3.240000 -0.087504 -1.712213
3.250000 -0.103818 -1.622392
3.260000 -0.120227 -1.632184
3.270000 -0.135961 -1.564645
3.280000 -0.152154 -1.610684
3.290000 -0.166912 -1.466987
3.300000 -0.182432 -1.543760
3.310000 -0.199005 -1.648716
3.320000 -0.214798 -1.570026
3.330000 -0.231105 -1.621676
3.340000 -0.247692 -1.649385
3.350000 -0.263859 -1.607261
3.360000 -0.280542 -1.658834
3.370000 -0.296482 -1.584290
3.380000 -0.313008 -1.643217
3.390000 -0.329071 -1.596444
3.400000 -0.343656 -1.448848
3.410000 -0.357087 -1.334129
3.420000 -0.368279 -1.110741
3.430000 -0.378407 -1.005318
3.440000 -0.387769 -0.929313
3.450000 -0.396462 -0.862677
3.460000 -0.405156 -0.863107
3.470000 -0.413985 -0.876603
3.480000 -0.422224 -0.817432
3.490000 -0.431484 -0.919758
3.500000 -0.439519 -0.796706
3.510000 -0.446867 -0.728611
3.520000 -0.456030 -0.910468
3.530000 -0.464937 -0.883829
3.540000 -0.474065 -0.905990
3.550000 -0.482916 -0.878183
3.560000 -0.492100 -0.911637
3.570000 -0.498781 -0.661081
3.580000 -0.506340 -0.750124
3.590000 -0.514561 -0.815762
3.600000 -0.522287 -0.766001
3.610000 -0.531436 -0.908417
3.620000 -0.539771 -0.826310
3.630000 -0.548034 -0.819438
3.640000 -0.555695 -0.759258
3.650000 -0.560608 -0.484734
3.660000 -0.567904 -0.724303
3.670000 -0.575812 -0.784408
3.680000 -0.585205 -0.932455
3.690000 -0.597414 -1.213293
3.700000 -0.610082 -1.257712
3.710000 -0.621648 -1.147253
3.720000 -0.634455 -1.271896
3.730000 -0.650401 -1.585013
3.740000 -0.668210 -1.769650
3.750000 -0.686545 -1.821324
3.760000 -0.707479 -2.080752
3.770000 -0.727940 -2.032177
3.780000 -0.747676 -1.959724
3.790000 -0.765687 -1.787559
3.800000 -0.783462 -1.764693
3.810000 -0.800897 -1.730810
3.820000 -0.817462 -1.643749
3.830000 -0.834373 -1.678820
3.840000 -0.849630 -1.513140
3.850000 -0.863746 -1.399738
3.860000 -0.876746 -1.288626
3.870000 -0.892430 -1.557577
3.880000 -0.906955 -1.440256
3.890000 -0.923567 -1.649390
3.900000 -0.939498 -1.580285
3.910000 -0.953479 -1.385451
3.920000 -0.969183 -1.558740
3.930000 -0.980708 -1.139821
3.940000 -0.990763 -0.994882
3.950000 -1.001000 -1.013814
3.960000 -1.009230 -0.812926
3.970000 -1.019112 -0.979059
3.980000 -1.028545 -0.933342
3.990000 -1.036002 -0.735931
4.000000 -1.045134 -0.904308
4.010000 -1.052551 -0.731922
4.020000 -1.059398 -0.675827
4.030000 -1.065633 -0.614782
4.040000 -1.073741 -0.802478
4.050000 -1.080550 -0.671523
4.060000 -1.087169 -0.653147
4.070000 -1.096249 -0.899254
4.080000 -1.103981 -0.763286
4.090000 -1.112153 -0.807834
4.100000 -1.118841 -0.659186
4.110000 -1.125645 -0.671565
4.120000 -1.132647 -0.691260
4.130000 -1.139831 -0.709243
4.140000 -1.149086 -0.916271
4.150000 -1.156547 -0.735781
4.160000 -1.163691 -0.704952
4.170000 -1.171937 -0.815257
4.180000 -1.180017 -0.798103
4.190000 -1.187841 -0.772464
4.200000 -1.194326 -0.638703
4.210000 -1.199365 -0.494746
4.220000 -1.205868 -0.641855
4.230000 -1.210829 -0.486860
4.240000 -1.215411 -0.449758
4.250000 -1.219146 -0.365173
4.260000 -1.221679 -0.245420
4.270000 -1.222742 -0.098978
4.280000 -1.222370 0.043700
4.290000 -1.223339 -0.091048
4.300000 -1.222528 0.087643
4.310000 -1.221508 0.107682
4.320000 -1.219026 0.253729
4.330000 -1.217851 0.122343
4.340000 -1.217413 0.049158
4.350000 -1.217962 -0.049022
4.360000 -1.218064 -0.003873
4.370000 -1.217420 0.070403
4.380000 -1.218320 -0.084262
4.390000 -1.219954 -0.156927
4.400000 -1.223920 -0.389714
4.410000 -1.226377 -0.237609
4.420000 -1.228771 -0.232118
4.430000 -1.231439 -0.259546
4.440000 -1.235260 -0.374634
4.450000 -1.239015 -0.367521
4.460000 -1.243018 -0.392248
4.470000 -1.245333 -0.223427
4.480000 -1.247222 -0.181550
4.490000 -1.247596 -0.030286
4.500000 -1.247782 -0.012264
4.510000 -1.250945 -0.309966
4.520000 -1.253501 -0.247846
4.530000 -1.255261 -0.168523
4.540000 -1.259326 -0.399418
4.550000 -1.265379 -0.596977
4.560000 -1.271794 -0.632239
4.570000 -1.277062 -0.517276
4.580000 -1.282524 -0.537195
4.590000 -1.288466 -0.585153
4.600000 -1.294210 -0.565070
4.610000 -1.298568 -0.426526
4.620000 -1.301937 -0.328264
4.630000 -1.304647 -0.262889
4.640000 -1.307050 -0.232557
4.650000 -1.309949 -0.282205
4.660000 -1.311766 -0.173761
4.670000 -1.312968 -0.112746
4.680000 -1.313262 -0.022296
4.690000 -1.318169 -0.484046
4.700000 -1.322335 -0.407655
4.710000 -1.328075 -0.565358
4.720000 -1.333557 -0.538770
4.730000 -1.337585 -0.393474
4.740000 -1.340988 -0.331685
4.750000 -1.343495 -0.242275
4.760000 -1.346972 -0.339831
4.770000 -1.350246 -0.318953
4.780000 -1.351391 -0.106222
4.790000 -1.352081 -0.061795
4.800000 -1.351176 0.097607
4.810000 -1.349735 0.150303
4.820000 -1.347007 0.278747
4.830000 -1.345217 0.184335
4.840000 -1.342893 0.238162
4.850000 -1.340780 0.216790
4.860000 -1.340462 0.037399
4.870000 -1.341996 -0.146981
4.880000 -1.342777 -0.070634
4.890000 -1.343214 -0.036676
4.900000 -1.340969 0.231316
4.910000 -1.337369 0.365494
4.920000 -1.334326 0.309149
4.930000 -1.332054 0.232320
4.940000 -1.329854 0.225429
4.950000 -1.329720 0.018926
4.960000 -1.328825 0.096030
4.970000 -1.325929 0.295624
4.980000 -1.320507 0.547324
4.990000 -1.316510 0.403586
5.000000 -1.311564 0.499124
5.010000 -1.306475 0.512854
5.020000 -1.301334 0.518058
5.030000 -1.295520 0.585264
5.040000 -1.288260 0.729441
5.050000 -1.280384 0.790351
5.060000 -1.273089 0.731966
5.070000 -1.264097 0.901776
5.080000 -1.256661 0.745434
5.090000 -1.248475 0.821118
5.100000 -1.240718 0.777749
5.110000 -1.231602 0.913807
5.120000 -1.222643 0.897453
5.130000 -1.213601 0.905819
5.140000 -1.204124 0.949123
5.150000 -1.196563 0.757409
5.160000 -1.187903 0.868063
5.170000 -1.179224 0.869528
5.180000 -1.169386 0.985287
5.190000 -1.159018 1.037635
5.200000 -1.148178 1.084546
5.210000 -1.137887 1.029319
5.220000 -1.128749 0.914328
5.230000 -1.119140 0.961918
5.240000 -1.108971 1.017635
5.250000 -1.097011 1.196396
5.260000 -1.087159 0.984648
5.270000 -1.074941 1.222248
5.280000 -1.062652 1.228134
5.290000 -1.049500 1.314343
5.300000 -1.033946 1.553916
5.310000 -1.018295 1.562490
5.320000 -1.002169 1.609823
5.330000 -0.986492 1.564627
5.340000 -0.969311 1.715049
5.350000 -0.952648 1.662588
5.360000 -0.935127 1.748459
5.370000 -0.919011 1.607495
5.380000 -0.906347 1.262849
5.390000 -0.892342 1.398681
5.400000 -0.876681 1.563474
5.410000 -0.858738 1.790839
5.420000 -0.839199 1.949108
5.430000 -0.820391 1.875190
5.440000 -0.803309 1.702876
5.450000 -0.787403 1.586049
5.460000 -0.769748 1.761454
5.470000 -0.751697 1.800116
5.480000 -0.734343 1.730034
5.490000 -0.718234 1.605911
5.500000 -0.702538 1.565097
5.510000 -0.687788 1.470585
5.520000 -0.673181 1.456816
5.530000 -0.661448 1.169263
5.540000 -0.645851 1.557159
5.550000 -0.630863 1.494128
5.560000 -0.616586 1.423378
5.570000 -0.601421 1.512441
5.580000 -0.585007 1.636789
5.590000 -0.567484 1.746937
5.600000 -0.550522 1.690281
5.610000 -0.532670 1.779386
5.620000 -0.516015 1.659245
5.630000 -0.498197 1.775992
5.640000 -0.480521 1.761139
5.650000 -0.460947 1.950916
5.660000 -0.442713 1.815969
5.670000 -0.426032 1.661186
5.680000 -0.410392 1.557770
5.690000 -0.393806 1.652826
5.700000 -0.375683 1.805871
5.710000 -0.359603 1.600799
5.720000 -0.339446 2.009490
5.730000 -0.320133 1.922824
5.740000 -0.301577 1.847563
5.750000 -0.284595 1.690408
5.760000 -0.266290 1.823426
5.770000 -0.247925 1.828721
5.780000 -0.229395 1.845050
5.790000 -0.211320 1.799374
5.800000 -0.192110 1.912918
5.810000 -0.173709 1.831459
5.820000 -0.154022 1.960331
5.830000 -0.134752 1.917921
5.840000 -0.114760 1.990229
5.850000 -0.094646 2.001998
5.860000 -0.076807 1.774328
5.870000 -0.059149 1.757321
5.880000 -0.041972 1.709104
5.890000 -0.024875 1.701362
5.900000 -0.010364 1.442628
5.910000 0.003385 1.367738
5.920000 0.020741 1.728695
5.930000 0.035490 1.466143
5.940000 0.051197 1.563101
5.950000 0.067087 1.580870
5.960000 0.084429 1.725994
5.970000 0.104629 2.010834
5.980000 0.124247 1.951184
5.990000 0.142038 1.768746
6.000000 0.161298 1.916378
6.010000 0.179987 1.858449
6.020000 0.197072 1.698282
6.030000 0.213536 1.636907
6.040000 0.230046 1.641692
6.050000 0.245589 1.544888
6.060000 0.260641 1.496208
6.070000 0.275459 1.473052
6.080000 0.290009 1.446201
6.090000 0.304829 1.473291
6.100000 0.320247 1.532836
6.110000 0.339143 1.880267
6.120000 0.358980 1.972619
6.130000 0.381389 2.229182
6.140000 0.404584 2.306398
6.150000 0.427689 2.296847
6.160000 0.450134 2.230847
6.170000 0.473179 2.291105
6.180000 0.495991 2.267312
6.190000 0.520169 2.403945
6.200000 0.547200 2.688413
6.210000 0.573486 2.612354
6.220000 0.600247 2.660102
6.230000 0.627592 2.718146
6.240000 0.655323 2.756275
6.250000 0.679403 2.390971
6.260000 0.703863 2.430563
6.270000 0.730195 2.617475
6.280000 0.758988 2.862544
6.290000 0.788512 2.934178
6.300000 0.815550 2.685176
6.310000 0.840244 2.451860
6.320000 0.865473 2.506429
6.330000 0.890865 2.522280
6.340000 0.917624 2.658782
6.350000 0.944506 2.670246
6.360000 0.971623 2.693630
6.370000 0.998701 2.689341
6.380000 1.023565 2.467974
6.390000 1.046875 2.313551
6.400000 1.071972 2.492869
6.410000 1.096687 2.453595
6.420000 1.120845 2.398054
6.430000 1.145561 2.453916
6.440000 1.168504 2.276317
6.450000 1.191351 2.267399
6.460000 1.213241 2.171745
6.470000 1.234572 2.116111
6.480000 1.255587 2.084734
6.490000 1.276413 2.065859
6.500000 1.296256 1.967548
6.510000 1.313721 1.730236
6.520000 1.330101 1.622788
6.530000 1.347176 1.692676
6.540000 1.364376 1.704821
6.550000 1.381235 1.670533
6.560000 1.397249 1.586115
6.570000 1.412808 1.540998
6.580000 1.429014 1.605775
6.590000 1.445639 1.647402
6.600000 1.463943 1.814831
6.610000 1.483608 1.950122
6.620000 1.502323 1.854372
6.630000 1.519461 1.696978
6.640000 1.536526 1.690450
6.650000 1.552833 1.614578
6.660000 1.569526 1.653388
6.670000 1.583502 1.381560
6.680000 1.598137 1.448642
6.690000 1.614216 1.592672
6.700000 1.629785 1.540868
6.710000 1.645142 1.519806
6.720000 1.659915 1.461461
6.730000 1.675625 1.555385
6.740000 1.692931 1.714528
6.750000 1.709504 1.640181
6.760000 1.725156 1.548505
6.770000 1.743908 1.858815
6.780000 1.764712 2.062350
6.790000 1.784375 1.947194
6.800000 1.803087 1.852498
6.810000 1.821179 1.790938
6.820000 1.839478 1.811806
6.830000 1.858072 1.841143
6.840000 1.877354 1.909712
6.850000 1.896360 1.881734
6.860000 1.916940 2.039079
6.870000 1.936367 1.922870
6.880000 1.954736 1.817612
6.890000 1.973376 1.845196
6.900000 1.992590 1.902323
6.910000 2.010436 1.765045
6.920000 2.026702 1.607803
6.930000 2.045124 1.824045
6.940000 2.065495 2.017711
6.950000 2.085392 1.969315
6.960000 2.105409 1.981436
6.970000 2.126856 2.124268
6.980000 2.147612 2.054309
6.990000 2.170309 2.248631
7.000000 2.191717 2.118748
7.010000 2.211702 1.976913
7.020000 2.231313 1.940251
7.030000 2.250131 1.860867
7.040000 2.268314 1.797787
7.050000 2.285581 1.706411
7.060000 2.300463 1.468289
7.070000 2.315374 1.472186
7.080000 2.332275 1.671209
7.090000 2.349436 1.696100
7.100000 2.366724 1.708569
7.110000 2.379095 1.216773
7.120000 2.392380 1.310586
7.130000 2.403561 1.099573
7.140000 2.415137 1.140106
7.150000 2.426652 1.133762
7.160000 2.437336 1.050673
7.170000 2.448246 1.073524
7.180000 2.458224 0.980266
7.190000 2.469773 1.137713
7.200000 2.478415 0.846270
7.210000 2.485266 0.668540
7.220000 2.492922 0.749834
7.230000 2.501163 0.807934
7.240000 2.509142 0.781353
7.250000 2.513338 0.403271
7.260000 2.520503 0.701939
7.270000 2.524498 0.383456
7.280000 2.527840 0.319727
7.290000 2.530295 0.231258
7.300000 2.530847 0.041440
7.310000 2.531705 0.073034
7.320000 2.532208 0.037352
7.330000 2.528790 -0.354539
7.340000 2.523216 -0.568252
7.350000 2.519209 -0.410338
7.360000 2.515430 -0.388365
7.370000 2.510435 -0.510132
7.380000 2.505725 -0.480924
7.390000 2.504440 -0.138547
7.400000 2.502614 -0.194315
7.410000 2.501516 -0.121344
7.420000 2.499885 -0.174882
7.430000 2.495693 -0.430751
7.440000 2.493014 -0.278217
7.450000 2.488888 -0.423547
7.460000 2.483158 -0.583230
7.470000 2.478287 -0.496565
7.480000 2.471597 -0.678844
7.490000 2.464274 -0.741169
7.500000 2.455333 -0.902639
7.510000 2.447094 -0.831518
7.520000 2.439414 -0.776067
7.530000 2.430296 -0.920014
7.540000 2.419833 -1.053754
7.550000 2.411061 -0.883944
7.560000 2.403012 -0.812492
7.570000 2.395825 -0.726510
7.580000 2.390282 -0.562655
7.590000 2.386474 -0.389821
7.600000 2.382329 -0.424419
7.610000 2.374073 -0.835296
7.620000 2.366437 -0.771280
7.630000 2.358404 -0.811122
7.640000 2.349590 -0.889122
7.650000 2.339834 -0.982773
7.660000 2.329304 -1.059729
7.670000 2.318816 -1.055071
7.680000 2.307568 -1.130970
7.690000 2.295903 -1.172284
7.700000 2.285052 -1.090680
7.710000 2.274146 -1.096471
7.720000 2.262597 -1.160696
7.730000 2.248948 -1.370367
7.740000 2.232566 -1.642465
7.750000 2.214692 -1.790237
7.760000 2.196846 -1.786605
7.770000 2.180178 -1.668781
7.780000 2.164316 -1.588649
7.790000 2.149021 -1.532253
7.800000 2.132321 -1.672987
7.810000 2.112283 -2.006051
7.820000 2.092356 -1.993083
7.830000 2.073947 -1.841331
7.840000 2.052930 -2.102766
7.850000 2.031364 -2.156246
7.860000 2.011972 -1.938460
7.870000 1.991894 -2.008092
7.880000 1.972186 -1.970562
7.890000 1.952858 -1.932699
7.900000 1.933226 -1.963204
7.910000 1.915715 -1.750872
7.920000 1.897428 -1.829411
7.930000 1.879086 -1.834529
7.940000 1.860168 -1.891872
7.950000 1.842658 -1.750759
7.960000 1.824497 -1.816495
7.970000 1.805121 -1.937514
7.980000 1.784279 -2.083411
7.990000 1.766212 -1.805112
8.000000 1.751368 -1.484218
8.010000 1.736007 -1.537279
8.020000 1.721027 -1.498932
8.030000 1.703362 -1.767494
8.040000 1.684468 -1.889002
8.050000 1.666044 -1.841313
8.060000 1.645367 -2.066701
8.070000 1.625161 -2.018451
8.080000 1.604663 -2.047724
8.090000 1.586442 -1.819792
8.100000 1.569064 -1.736521
8.110000 1.552504 -1.655159
8.120000 1.535609 -1.688883
8.130000 1.518426 -1.717407
8.140000 1.501540 -1.687539
8.150000 1.485187 -1.634297
8.160000 1.468805 -1.637344
8.170000 1.455202 -1.359401
8.180000 1.441981 -1.322536
8.190000 1.428324 -1.366193
8.200000 1.414351 -1.397555
8.210000 1.399539 -1.481256
8.220000 1.384229 -1.530508
8.230000 1.368101 -1.611984
8.240000 1.349720 -1.836789
8.250000 1.331887 -1.780768
8.260000 1.314080 -1.778429
8.270000 1.297111 -1.694456
8.280000 1.279914 -1.717708
8.290000 1.264688 -1.520315
8.300000 1.249546 -1.512791
8.310000 1.234030 -1.550270
8.320000 1.217423 -1.659073
8.330000 1.203387 -1.401294
8.340000 1.187453 -1.592379
8.350000 1.173508 -1.392391
8.360000 1.159889 -1.360707
8.370000 1.143871 -1.600742
8.380000 1.126938 -1.690947
8.390000 1.110506 -1.640307
8.400000 1.092970 -1.750880
8.410000 1.075397 -1.753979
8.420000 1.059541 -1.582127
8.430000 1.043597 -1.591707
8.440000 1.030177 -1.339232
8.450000 1.013826 -1.633449
8.460000 0.996060 -1.773446
8.470000 0.980534 -1.548623
8.480000 0.967070 -1.343477
8.490000 0.954906 -1.214470
8.500000 0.943778 -1.111488
8.510000 0.932480 -1.128947
8.520000 0.921390 -1.107945
8.530000 0.909700 -1.168007
8.540000 0.896880 -1.280617
8.550000 0.882861 -1.399945
8.560000 0.869485 -1.334913
8.570000 0.857633 -1.182878
8.580000 0.845009 -1.260725
8.590000 0.829431 -1.555595
8.600000 0.813833 -1.556134
8.610000 0.796669 -1.712641
8.620000 0.779036 -1.758628
8.630000 0.762991 -1.599543
8.640000 0.747959 -1.498989
8.650000 0.734253 -1.366752
8.660000 0.718466 -1.575479
8.670000 0.702099 -1.632420
8.680000 0.685793 -1.625858
8.690000 0.668472 -1.727303
8.700000 0.649710 -1.870908
8.710000 0.629738 -1.991013
8.720000 0.608384 -2.128548
8.730000 0.587504 -2.080278
8.740000 0.570090 -1.733936
8.750000 0.553437 -1.659427
8.760000 0.534934 -1.844696
8.770000 0.515456 -1.941109
8.780000 0.493397 -2.198691
8.790000 0.471768 -2.154365
8.800000 0.452487 -1.919619
8.810000 0.434697 -1.771653
8.820000 0.418450 -1.617917
8.830000 0.401918 -1.647184
8.840000 0.387441 -1.441377
8.850000 0.374878 -1.251057
8.860000 0.363238 -1.159552
8.870000 0.347750 -1.544790
8.880000 0.332025 -1.566487
8.890000 0.314405 -1.755771
8.900000 0.297223 -1.710910
8.910000 0.278279 -1.887215
8.920000 0.258504 -1.969487
8.930000 0.238887 -1.953018
8.940000 0.217277 -2.152393
8.950000 0.195205 -2.197464
8.960000 0.172371 -2.273312
8.970000 0.148221 -2.404417
8.980000 0.125942 -2.216537
8.990000 0.102404 -2.343307
9.000000 0.079128 -2.316363
9.010000 0.058438 -2.057793
9.020000 0.038520 -1.981750
9.030000 0.017190 -2.123169
9.040000 -0.005068 -2.215265
9.050000 -0.026031 -2.085107
9.060000 -0.047358 -2.122147
9.070000 -0.069184 -2.171688
9.080000 -0.091098 -2.180079
9.090000 -0.113554 -2.234207
9.100000 -0.135014 -2.134213
9.110000 -0.155512 -2.038372
9.120000 -0.176489 -2.086720
9.130000 -0.196239 -1.963670
9.140000 -0.215916 -1.956794
9.150000 -0.234689 -1.866383
9.160000 -0.253120 -1.832604
9.170000 -0.271686 -1.846116
9.180000 -0.292585 -2.079294
9.190000 -0.314252 -2.154736
9.200000 -0.337004 -2.262818
9.210000 -0.360076 -2.294126
9.220000 -0.381644 -2.143540
9.230000 -0.400951 -1.918018
9.240000 -0.420767 -1.970008
9.250000 -0.442165 -2.127790
9.260000 -0.461126 -1.883176
9.270000 -0.480003 -1.875969
9.280000 -0.498594 -1.847280
9.290000 -0.517142 -1.843080
9.300000 -0.536064 -1.880328
9.310000 -0.553603 -1.741779
9.320000 -0.571716 -1.799753
9.330000 -0.590134 -1.829963
9.340000 -0.610246 -1.999093
9.350000 -0.630745 -2.036746
9.360000 -0.649342 -1.846380
9.370000 -0.668867 -1.939958
9.380000 -0.689968 -2.097069
9.390000 -0.709779 -1.967094
9.400000 -0.734480 -2.456657
9.410000 -0.759103 -2.446344
9.420000 -0.782920 -2.365571
9.430000 -0.806744 -2.366678
9.440000 -0.831551 -2.464763
9.450000 -0.858345 -2.662859
9.460000 -0.886294 -2.777247
9.470000 -0.914859 -2.838073
9.480000 -0.943143 -2.809672
9.490000 -0.971025 -2.769367
9.500000 -0.998673 -2.745992
9.510000 -1.026263 -2.740242
9.520000 -1.052381 -2.592939
9.530000 -1.077760 -2.519665
9.540000 -1.103489 -2.554841
9.550000 -1.130886 -2.721399
9.560000 -1.157963 -2.688385
9.570000 -1.184571 -2.641534
9.580000 -1.211998 -2.723536
9.590000 -1.236539 -2.434369
9.600000 -1.261801 -2.507851
9.610000 -1.288624 -2.663382
9.620000 -1.314182 -2.536047
9.630000 -1.338945 -2.456979
9.640000 -1.363595 -2.445964
9.650000 -1.387861 -2.407557
9.660000 -1.412386 -2.433550
9.670000 -1.436073 -2.349414
9.680000 -1.459640 -2.337692
9.690000 -1.482184 -2.235414
9.700000 -1.503750 -2.137971
9.710000 -1.526372 -2.244010
9.720000 -1.548071 -2.151089
9.730000 -1.568761 -2.050423
9.740000 -1.590611 -2.166927
9.750000 -1.613701 -2.290156
9.760000 -1.637322 -2.342545
9.770000 -1.662352 -2.483065
9.780000 -1.686979 -2.442041
9.790000 -1.708595 -2.140917
9.800000 -1.729709 -2.092092
9.810000 -1.748951 -1.905140
9.820000 -1.769529 -2.039452
9.830000 -1.791913 -2.219386
9.840000 -1.814080 -2.196638
9.850000 -1.834810 -2.052891
9.860000 -1.855824 -2.081995
9.870000 -1.876237 -2.021618
9.880000 -1.896285 -1.985267
9.890000 -1.916292 -1.981332
9.900000 -1.936934 -2.044687
9.910000 -1.957457 -2.032366
9.920000 -1.975727 -1.807071
9.930000 -1.993950 -1.803375
9.940000 -2.010304 -1.616498
9.950000 -2.027864 -1.737879
9.960000 -2.044793 -1.673992
9.970000 -2.061316 -1.633799
9.980000 -2.077784 -1.628267
9.990000 -2.095244 -1.727474
