-0.999687 0.090800
-0.959700 0.038100
-0.919712 0.029400
-0.879725 0.025200
-0.839737 0.022400
-0.799750 0.020400
-0.759762 0.019100
-0.719775 0.018000
-0.679787 0.017000
-0.639800 0.016200
-0.599812 0.015800
-0.559825 0.015200
-0.519837 0.014800
-0.479850 0.014400
-0.439862 0.014100
-0.399875 0.013900
-0.359887 0.013500
-0.319900 0.013500
-0.279912 0.013200
-0.239925 0.013200
-0.199937 0.013000
-0.159950 0.012900
-0.119962 0.012800
-0.079975 0.012900
-0.039987 0.012800
0.000000 0.012700
0.039987 0.012700
0.079975 0.012800
0.119962 0.012800
0.159950 0.013000
0.199937 0.013000
0.239925 0.013300
0.279912 0.013200
0.319900 0.013500
0.359887 0.013800
0.399875 0.014000
0.439862 0.014300
0.479850 0.014800
0.519837 0.015000
0.559825 0.015500
0.599812 0.016100
0.639800 0.016900
0.679787 0.017600
0.719775 0.018800
0.759762 0.020300
0.799750 0.022100
0.839737 0.024800
0.879725 0.029100
0.919712 0.037700
0.959700 0.089600
