-1.681640 0.002300
-1.611863 0.001500
-1.542087 0.001700
-1.472310 0.003300
-1.402534 0.004200
-1.332757 0.004600
-1.262981 0.006300
-1.193204 0.008900
-1.123428 0.013900
-1.053651 0.015200
-0.983875 0.014100
-0.914098 0.017200
-0.844322 0.021300
-0.774545 0.030200
-0.704768 0.028500
-0.634992 0.031800
-0.565215 0.036700
-0.495439 0.034300
-0.425662 0.036200
-0.355886 0.036300
-0.286109 0.038000
-0.216333 0.043200
-0.146556 0.035000
-0.076780 0.030400
-0.007003 0.034200
0.062773 0.039600
0.132550 0.044100
0.202327 0.038900
0.272103 0.036800
0.341880 0.034700
0.411656 0.033800
0.481433 0.032400
0.551209 0.030200
0.620986 0.029100
0.690762 0.026700
0.760539 0.027100
0.830315 0.019500
0.900092 0.014400
0.969869 0.013900
1.039645 0.011500
1.109422 0.012600
1.179198 0.006600
1.248975 0.008700
1.318751 0.004000
1.388528 0.001400
1.458304 0.001100
1.528081 0.001500
1.597857 0.000600
1.667634 0.000800
1.737410 0.000700
