-2.622780 0.000700
-2.513988 0.001900
-2.405195 0.003900
-2.296403 0.003600
-2.187610 0.002500
-2.078818 0.003000
-1.970025 0.005300
-1.861233 0.006600
-1.752441 0.009400
-1.643648 0.011000
-1.534856 0.011200
-1.426063 0.015700
-1.317271 0.018500
-1.208479 0.022700
-1.099686 0.021200
-0.990894 0.027100
-0.882101 0.032200
-0.773309 0.033600
-0.664516 0.039700
-0.555724 0.045000
-0.446932 0.039800
-0.338139 0.044000
-0.229347 0.049100
-0.120554 0.047700
-0.011762 0.048000
0.097031 0.041600
0.205823 0.043000
0.314615 0.044400
0.423408 0.038300
0.532200 0.040500
0.640993 0.036800
0.749785 0.036000
0.858577 0.034200
0.967370 0.030200
1.076162 0.023900
1.184955 0.018000
1.293747 0.013600
1.402540 0.010600
1.511332 0.011000
1.620124 0.009300
1.728917 0.006900
1.837709 0.004500
1.946502 0.004600
2.055294 0.002200
2.164086 0.003000
2.272879 0.001900
2.381671 0.001300
2.490464 0.000400
2.599256 0.000100
2.708049 0.000300
