-3.368934 0.000100
-3.229346 0.000200
-3.089757 0.000300
-2.950169 0.001500
-2.810581 0.001400
-2.670992 0.003500
-2.531404 0.004000
-2.391815 0.003600
-2.252227 0.004100
-2.112639 0.006400
-1.973050 0.007900
-1.833462 0.011600
-1.693874 0.014100
-1.554285 0.015600
-1.414697 0.020300
-1.275109 0.024600
-1.135520 0.029500
-0.995932 0.035000
-0.856344 0.042900
-0.716755 0.045500
-0.577167 0.046900
-0.437578 0.058600
-0.297990 0.051700
-0.158402 0.054800
-0.018813 0.058800
0.120775 0.055500
0.260363 0.056200
0.399952 0.054500
0.539540 0.047700
0.679128 0.045000
0.818717 0.039400
0.958305 0.037000
1.097894 0.027200
1.237482 0.020800
1.377070 0.016200
1.516659 0.013300
1.656247 0.012100
1.795835 0.008000
1.935424 0.007000
2.075012 0.005000
2.214600 0.004000
2.354189 0.002800
2.493777 0.002500
2.633365 0.001400
2.772954 0.000700
2.912542 0.000300
3.052131 0.000200
3.191719 0.000000
3.331307 0.000200
3.470896 0.000100
