-3.555259 0.000100
-3.407813 0.000500
-3.260367 0.000200
-3.112921 0.000400
-2.965475 0.001100
-2.818029 0.000800
-2.670583 0.002300
-2.523137 0.002900
-2.375691 0.004000
-2.228245 0.005700
-2.080799 0.008500
-1.933353 0.009600
-1.785907 0.013000
-1.638461 0.018000
-1.491015 0.023000
-1.343569 0.025400
-1.196123 0.031000
-1.048677 0.037700
-0.901231 0.043700
-0.753785 0.045800
-0.606339 0.051700
-0.458893 0.054200
-0.311447 0.054000
-0.164001 0.058600
-0.016555 0.062500
0.130891 0.055600
0.278337 0.053900
0.425783 0.050500
0.573229 0.050100
0.720675 0.042000
0.868121 0.036900
1.015567 0.035800
1.163013 0.026600
1.310459 0.020700
1.457905 0.017800
1.605351 0.013600
1.752797 0.011600
1.900243 0.010400
2.047689 0.006400
2.195135 0.004200
2.342581 0.003200
2.490027 0.002200
2.637473 0.001700
2.784919 0.001000
2.932365 0.000500
3.079811 0.000300
3.227257 0.000100
3.374703 0.000000
3.522149 0.000100
3.669595 0.000100
