-1.271127 0.026000
-1.219084 0.013500
-1.167042 0.013000
-1.114999 0.011000
-1.062956 0.017500
-1.010913 0.019600
-0.958871 0.047200
-0.906828 0.024100
-0.854785 0.039600
-0.802743 0.016900
-0.750700 0.018900
-0.698657 0.042500
-0.646614 0.035900
-0.594572 0.034700
-0.542529 0.019600
-0.490486 0.017000
-0.438443 0.015300
-0.386401 0.015200
-0.334358 0.015300
-0.282315 0.015000
-0.230273 0.015500
-0.178230 0.014600
-0.126187 0.013300
-0.074144 0.012900
-0.022102 0.013600
0.029941 0.014000
0.081984 0.016900
0.134026 0.068600
0.186069 0.032700
0.238112 0.046000
0.290155 0.050600
0.342197 0.012600
0.394240 0.006700
0.446283 0.006900
0.498325 0.007400
0.550368 0.006600
0.602411 0.008800
0.654454 0.010500
0.706496 0.011500
0.758539 0.020300
0.810582 0.004100
0.862625 0.003900
0.914667 0.005100
0.966710 0.030900
1.018753 0.020200
1.070795 0.010400
1.122838 0.009600
1.174881 0.010900
1.226924 0.014000
1.278966 0.043100
