-1.347720 0.048100
-1.299381 0.020900
-1.251042 0.015300
-1.202702 0.013500
-1.154363 0.063800
-1.106024 0.028800
-1.057685 0.024300
-1.009346 0.021500
-0.961006 0.018200
-0.912667 0.017000
-0.864328 0.016400
-0.815989 0.015800
-0.767650 0.016300
-0.719310 0.015800
-0.670971 0.015800
-0.622632 0.015700
-0.574293 0.016000
-0.525954 0.015800
-0.477614 0.015900
-0.429275 0.015700
-0.380936 0.015600
-0.332597 0.015200
-0.284258 0.015400
-0.235918 0.015100
-0.187579 0.015300
-0.139240 0.016100
-0.090901 0.016200
-0.042562 0.011900
0.005778 0.012000
0.054117 0.012300
0.102456 0.011800
0.150795 0.012000
0.199134 0.012000
0.247474 0.012300
0.295813 0.013100
0.344152 0.014500
0.392491 0.014900
0.440830 0.016300
0.489170 0.015400
0.537509 0.015000
0.585848 0.015500
0.634187 0.016300
0.682526 0.017200
0.730866 0.019700
0.779205 0.021600
0.827544 0.023400
0.875883 0.024600
0.924222 0.031800
0.972562 0.086300
1.020901 0.030600
