-1.000000 0.113600
-0.960000 0.047500
-0.920000 0.036900
-0.880000 0.031400
-0.840000 0.021200
-0.800000 0.019200
-0.760000 0.017900
-0.720000 0.016800
-0.680000 0.015900
-0.640000 0.015300
-0.600000 0.014800
-0.560000 0.014300
-0.520000 0.013800
-0.480000 0.013500
-0.440000 0.013200
-0.400000 0.013000
-0.360000 0.012800
-0.320000 0.012600
-0.280000 0.012400
-0.240000 0.012300
-0.200000 0.012200
-0.160000 0.012100
-0.120000 0.012100
-0.080000 0.012100
-0.040000 0.012000
0.000000 0.012000
0.040000 0.012000
0.080000 0.012000
0.120000 0.012100
0.160000 0.012200
0.200000 0.012300
0.240000 0.012400
0.280000 0.012600
0.320000 0.012800
0.360000 0.012900
0.400000 0.013200
0.440000 0.013600
0.480000 0.013900
0.520000 0.014200
0.560000 0.014700
0.600000 0.015300
0.640000 0.016000
0.680000 0.016900
0.720000 0.017800
0.760000 0.019200
0.800000 0.021000
0.840000 0.023600
0.880000 0.027700
0.920000 0.035700
0.960000 0.085000
