-0.460811 0.012000
-0.422498 0.005400
-0.384185 0.009800
-0.345872 0.010300
-0.307559 0.007500
-0.269246 0.020400
-0.230933 0.022300
-0.192620 0.016600
-0.154307 0.002700
-0.115994 0.003400
-0.077681 0.004300
-0.039368 0.012000
-0.001055 0.012300
0.037258 0.017200
0.075571 0.036000
0.113884 0.040600
0.152197 0.041100
0.190510 0.038200
0.228823 0.026900
0.267136 0.023900
0.305449 0.023400
0.343762 0.033400
0.382075 0.023400
0.420388 0.013800
0.458701 0.013100
0.497014 0.035000
0.535327 0.035200
0.573640 0.059200
0.611953 0.045200
0.650266 0.025500
0.688579 0.023700
0.726892 0.046100
0.765205 0.029800
0.803518 0.018600
0.841831 0.009700
0.880144 0.026100
0.918457 0.014900
0.956770 0.020800
0.995083 0.016300
1.033396 0.014600
1.071709 0.018200
1.110022 0.010300
1.148335 0.008400
1.186648 0.006300
1.224961 0.013800
1.263274 0.012100
1.301587 0.010100
1.339900 0.006400
1.378213 0.010000
1.416526 0.013700
