-1.000000 0.090800
-0.960000 0.038000
-0.920000 0.029500
-0.880000 0.025300
-0.840000 0.022100
-0.800000 0.020300
-0.760000 0.019000
-0.720000 0.017900
-0.680000 0.016900
-0.640000 0.016100
-0.600000 0.015700
-0.560000 0.015200
-0.520000 0.014600
-0.480000 0.014300
-0.440000 0.013900
-0.400000 0.013900
-0.360000 0.013500
-0.320000 0.013400
-0.280000 0.013100
-0.240000 0.013100
-0.200000 0.012800
-0.160000 0.013000
-0.120000 0.012700
-0.080000 0.012800
-0.040000 0.012700
0.000000 0.012700
0.040000 0.012700
0.080000 0.012900
0.120000 0.012800
0.160000 0.013000
0.200000 0.012900
0.240000 0.013200
0.280000 0.013300
0.320000 0.013700
0.360000 0.013600
0.400000 0.014000
0.440000 0.014400
0.480000 0.014700
0.520000 0.015100
0.560000 0.015500
0.600000 0.016300
0.640000 0.016900
0.680000 0.017800
0.720000 0.019000
0.760000 0.020200
0.800000 0.022500
0.840000 0.024800
0.880000 0.029500
0.920000 0.037600
0.960000 0.090300
