-1.815733 0.001000
-1.744494 0.000600
-1.673255 0.001000
-1.602016 0.001100
-1.530777 0.001700
-1.459538 0.002500
-1.388299 0.004700
-1.317061 0.008500
-1.245822 0.010100
-1.174583 0.011100
-1.103344 0.011900
-1.032105 0.015300
-0.960866 0.011900
-0.889627 0.015300
-0.818388 0.028000
-0.747149 0.028900
-0.675910 0.032000
-0.604671 0.029300
-0.533432 0.031000
-0.462194 0.045400
-0.390955 0.040600
-0.319716 0.041300
-0.248477 0.039500
-0.177238 0.037500
-0.105999 0.037700
-0.034760 0.035200
0.036479 0.038800
0.107718 0.042000
0.178957 0.037500
0.250196 0.037000
0.321435 0.037500
0.392674 0.034400
0.463912 0.032200
0.535151 0.031900
0.606390 0.032800
0.677629 0.028300
0.748868 0.026300
0.820107 0.019900
0.891346 0.019500
0.962585 0.010900
1.033824 0.010900
1.105063 0.010700
1.176302 0.008100
1.247541 0.007400
1.318779 0.002700
1.390018 0.001500
1.461257 0.002900
1.532496 0.001800
1.603735 0.000900
1.674974 0.001000
