-2.705181 0.001000
-2.603433 0.001400
-2.501685 0.002700
-2.399937 0.004000
-2.298189 0.002800
-2.196441 0.003600
-2.094693 0.003200
-1.992945 0.004500
-1.891197 0.005900
-1.789450 0.010700
-1.687702 0.009300
-1.585954 0.009600
-1.484206 0.008700
-1.382458 0.020100
-1.280710 0.015100
-1.178962 0.020500
-1.077214 0.025600
-0.975466 0.028400
-0.873718 0.026100
-0.771970 0.028300
-0.670222 0.033300
-0.568474 0.040100
-0.466726 0.041300
-0.364978 0.044400
-0.263230 0.049600
-0.161482 0.043300
-0.059735 0.051000
0.042013 0.048100
0.143761 0.041100
0.245509 0.033900
0.347257 0.032600
0.449005 0.034800
0.550753 0.033100
0.652501 0.038300
0.754249 0.031000
0.855997 0.023600
0.957745 0.020100
1.059493 0.024000
1.161241 0.025700
1.262989 0.020500
1.364737 0.015800
1.466485 0.012900
1.568232 0.008500
1.669980 0.006100
1.771728 0.003000
1.873476 0.002400
1.975224 0.002500
2.076972 0.003400
2.178720 0.001900
2.280468 0.002200
