-3.397303 0.002600
-3.274420 0.001800
-3.151537 0.001700
-3.028655 0.001200
-2.905772 0.001100
-2.782889 0.000800
-2.660006 0.001700
-2.537124 0.003000
-2.414241 0.004600
-2.291358 0.004800
-2.168475 0.006300
-2.045592 0.008200
-1.922710 0.012200
-1.799827 0.016200
-1.676944 0.017100
-1.554061 0.024700
-1.431179 0.019500
-1.308296 0.023400
-1.185413 0.025400
-1.062530 0.023100
-0.939647 0.027200
-0.816765 0.036900
-0.693882 0.047100
-0.570999 0.048700
-0.448116 0.044500
-0.325233 0.035700
-0.202351 0.041900
-0.079468 0.042500
0.043415 0.043900
0.166298 0.046000
0.289180 0.051800
0.412063 0.052400
0.534946 0.046500
0.657829 0.042500
0.780712 0.036000
0.903594 0.028900
1.026477 0.022600
1.149360 0.017700
1.272243 0.017600
1.395125 0.015200
1.518008 0.017100
1.640891 0.012300
1.763774 0.006100
1.886657 0.005800
2.009539 0.004300
2.132422 0.003500
2.255305 0.001900
2.378188 0.001400
2.501070 0.001000
2.623953 0.001600
