-4.232540 0.000900
-4.087519 0.000600
-3.942499 0.001600
-3.797478 0.000400
-3.652457 0.000700
-3.507436 0.000800
-3.362416 0.002300
-3.217395 0.003200
-3.072374 0.004800
-2.927353 0.006000
-2.782333 0.008700
-2.637312 0.009800
-2.492291 0.007600
-2.347270 0.012600
-2.202250 0.019600
-2.057229 0.021300
-1.912208 0.021200
-1.767187 0.025600
-1.622167 0.027700
-1.477146 0.033100
-1.332125 0.031800
-1.187104 0.036500
-1.042084 0.041600
-0.897063 0.046400
-0.752042 0.043200
-0.607022 0.042200
-0.462001 0.036600
-0.316980 0.036200
-0.171959 0.038800
-0.026939 0.046300
0.118082 0.046700
0.263103 0.036100
0.408124 0.037300
0.553144 0.036700
0.698165 0.033300
0.843186 0.031200
0.988207 0.026600
1.133227 0.030000
1.278248 0.021200
1.423269 0.021200
1.568290 0.017700
1.713310 0.010500
1.858331 0.011700
2.003352 0.009400
2.148373 0.007600
2.293393 0.006100
2.438414 0.002100
2.583435 0.001700
2.728456 0.002800
2.873476 0.002000
