-1.758710 0.002000
-1.695470 0.001300
-1.632230 0.001600
-1.568989 0.003200
-1.505749 0.015100
-1.442509 0.039300
-1.379269 0.044800
-1.316029 0.028200
-1.252789 0.033100
-1.189548 0.024800
-1.126308 0.014800
-1.063068 0.008600
-0.999828 0.013000
-0.936588 0.020400
-0.873347 0.036200
-0.810107 0.019200
-0.746867 0.016200
-0.683627 0.014600
-0.620387 0.024700
-0.557147 0.056100
-0.493906 0.022600
-0.430666 0.014100
-0.367426 0.008400
-0.304186 0.014200
-0.240946 0.021900
-0.177705 0.024100
-0.114465 0.032000
-0.051225 0.026400
0.012015 0.020700
0.075255 0.015600
0.138495 0.008400
0.201736 0.007400
0.264976 0.012800
0.328216 0.008600
0.391456 0.007500
0.454696 0.015800
0.517936 0.015600
0.581177 0.005500
0.644417 0.010400
0.707657 0.006800
0.770897 0.015500
0.834137 0.016700
0.897378 0.035100
0.960618 0.043800
1.023858 0.036600
1.087098 0.045300
1.150338 0.042500
1.213578 0.023700
1.276819 0.014700
1.340059 0.010100
