-2.785516 0.000400
-2.692919 0.001500
-2.600323 0.000800
-2.507726 0.000600
-2.415130 0.000600
-2.322533 0.001300
-2.229937 0.002700
-2.137340 0.004600
-2.044744 0.008700
-1.952147 0.015800
-1.859551 0.021000
-1.766954 0.017500
-1.674358 0.017900
-1.581761 0.013800
-1.489165 0.011700
-1.396568 0.010400
-1.303972 0.008700
-1.211375 0.017300
-1.118779 0.014100
-1.026182 0.018900
-0.933586 0.019400
-0.840989 0.025100
-0.748393 0.029500
-0.655796 0.025700
-0.563200 0.028500
-0.470603 0.031000
-0.378007 0.033700
-0.285410 0.036700
-0.192814 0.038700
-0.100217 0.035000
-0.007621 0.041200
0.084976 0.044200
0.177572 0.036900
0.270169 0.035000
0.362765 0.029400
0.455362 0.022800
0.547958 0.025700
0.640555 0.027800
0.733151 0.022000
0.825748 0.018500
0.918344 0.011500
1.010941 0.016500
1.103537 0.024900
1.196134 0.033300
1.288730 0.027800
1.381327 0.032800
1.473923 0.024400
1.566520 0.019000
1.659116 0.010400
1.751713 0.004300
