-3.413229 0.000900
-3.280547 0.001000
-3.147865 0.000600
-3.015182 0.001900
-2.882500 0.002300
-2.749818 0.002200
-2.617136 0.003400
-2.484453 0.005600
-2.351771 0.005200
-2.219089 0.005600
-2.086407 0.005800
-1.953724 0.012300
-1.821042 0.012700
-1.688360 0.016500
-1.555678 0.019800
-1.422995 0.025300
-1.290313 0.029900
-1.157631 0.030200
-1.024949 0.039900
-0.892266 0.041400
-0.759584 0.041800
-0.626902 0.040100
-0.494220 0.039700
-0.361537 0.043000
-0.228855 0.049200
-0.096173 0.051300
0.036509 0.053800
0.169191 0.058400
0.301874 0.049100
0.434556 0.043500
0.567238 0.044600
0.699920 0.040300
0.832603 0.034300
0.965285 0.031000
1.097967 0.028100
1.230649 0.023400
1.363332 0.015400
1.496014 0.011100
1.628696 0.009100
1.761378 0.007900
1.894061 0.005800
2.026743 0.004200
2.159425 0.005100
2.292107 0.002700
2.424790 0.001200
2.557472 0.001400
2.690154 0.000700
2.822836 0.000800
2.955519 0.000200
3.088201 0.000300
