-1.000000 0.113400
-0.960000 0.047600
-0.920000 0.036900
-0.880000 0.031500
-0.840000 0.028000
-0.800000 0.025600
-0.760000 0.023800
-0.720000 0.022500
-0.680000 0.021300
-0.640000 0.020400
-0.600000 0.019600
-0.560000 0.018900
-0.520000 0.018600
-0.480000 0.018000
-0.440000 0.017700
-0.400000 0.017200
-0.360000 0.017100
-0.320000 0.016700
-0.280000 0.016600
-0.240000 0.016400
-0.200000 0.016300
-0.160000 0.016100
-0.120000 0.016000
-0.080000 0.016000
-0.040000 0.016000
0.000000 0.012000
0.040000 0.012000
0.080000 0.012200
0.120000 0.012100
0.160000 0.012200
0.200000 0.012300
0.240000 0.012400
0.280000 0.012600
0.320000 0.012800
0.360000 0.013000
0.400000 0.013200
0.440000 0.013500
0.480000 0.013800
0.520000 0.012400
0.560000 0.009900
0.600000 0.010200
0.640000 0.010600
0.680000 0.011200
0.720000 0.011900
0.760000 0.012800
0.800000 0.014000
0.840000 0.015700
0.880000 0.018400
0.920000 0.023800
0.960000 0.056800
